4664832
4697760
5165048
5238888
5226920
5268864
5268648
5267728
5266696
5214768
5202440
5190040
5177216
5152256
5140064
5127432
5119376
5102560
5090000
5077640
5065128
5052864
5044344
5027696
5015224
5010912
5000664
4976488
4970112
4963848
4956272
4955216
4953200
4949192
4949032
4946984
4943048
4941096
4867208
4755392
4743024
4711968
4701824
4699784
4693744
4693616
4691568
4687592
4687448
4685416
4683312
4681272
4679216
4677160
4675104
4673016
4670992
4668936
4666864
4662776
4660696
4658640
4655216
4654576
4652448
4650376
4648352
4646296
4644224
4642168
4640128
4638072
1048648
787840
4715600
4716632
4717552
4717856
4868768
4748544
4748912
4749936
4750496
4750784
4965984
4967016
4967368
4968216
4997624
4997920
4998944
4999576
4999736
5014096
5015120
5017312
5018160
5030688
5031720
5032640
5032824
5043144
5043976
5044240
5046400
5047264
